14740.5	0.0
14740.6	0.0
14740.7	0.0
14740.8	0.0
14740.9	0.0
14741.0	0.0
14741.1	0.0
14741.2	0.0
14741.3	0.0
14741.4	0.0
14741.5	0.0
14741.6	0.0
14741.7	0.0
14741.8	0.0
14741.9	0.0
14742.0	0.0
14742.1	0.0
14742.2	0.0
14742.3	0.0
14742.4	0.0
14742.5	0.000173
14742.6	0.0
14742.7	0.0
14742.8	0.0
14742.9	0.0
14743.0	0.0
14743.1	0.0
14743.2	0.0
14743.3	0.0
14743.4	0.0
14743.5	0.001398
14743.6	0.0
14743.7	0.0
14743.8	0.0
14743.9	0.0
14744.0	0.0
14744.1	0.0
14744.2	0.0
14744.3	0.0
14744.4	0.0
14744.5	0.0057469999999999995
14744.6	0.0
14744.7	0.0
14744.8	0.0
14744.9	0.0
14745.0	0.0
14745.1	0.0
14745.2	0.0
14745.3	0.0
14745.4	0.0
14745.5	0.016027
14745.6	0.0
14745.7	0.0
14745.8	0.0
14745.9	0.0
14746.0	0.0
14746.1	0.0
14746.2	0.0
14746.3	0.0
14746.4	0.0
14746.5	0.034059000000000006
14746.6	0.0
14746.7	0.0
14746.8	0.0
14746.9	0.0
14747.0	0.0
14747.1	0.0
14747.2	0.0
14747.3	0.0
14747.4	0.0
14747.5	0.058805
14747.6	0.0
14747.7	0.0
14747.8	0.0
14747.9	0.0
14748.0	0.0
14748.1	0.0
14748.2	0.0
14748.3	0.0
14748.4	0.0
14748.5	0.085848
14748.6	0.0
14748.7	0.0
14748.8	0.0
14748.9	0.0
14749.0	0.0
14749.1	0.0
14749.2	0.0
14749.3	0.0
14749.4	0.0
14749.5	0.108903
14749.6	0.0
14749.7	0.0
14749.8	0.0
14749.9	0.0
14750.0	0.0
14750.1	0.0
14750.2	0.0
14750.3	0.0
14750.4	0.0
14750.5	0.12250099999999998
14750.6	0.0
14750.7	0.0
14750.8	0.0
14750.9	0.0
14751.0	0.0
14751.1	0.0
14751.2	0.0
14751.3	0.0
14751.4	0.0
14751.5	0.124059
14751.6	0.0
14751.7	0.0
14751.8	0.0
14751.9	0.0
14752.0	0.0
14752.1	0.0
14752.2	0.0
14752.3	0.0
14752.4	0.0
14752.5	0.11445000000000001
14752.6	0.0
14752.7	0.0
14752.8	0.0
14752.9	0.0
14753.0	0.0
14753.1	0.0
14753.2	0.0
14753.3	0.0
14753.4	0.0
14753.5	0.09709100000000004
14753.6	0.0
14753.7	0.0
14753.8	0.0
14753.9	0.0
14754.0	0.0
14754.1	0.0
14754.2	0.0
14754.3	0.0
14754.4	0.0
14754.5	0.07636200000000003
14754.6	0.0
14754.7	0.0
14754.8	0.0
14754.9	0.0
14755.0	0.0
14755.1	0.0
14755.2	0.0
14755.3	0.0
14755.4	0.0
14755.5	0.05602400000000003
14755.6	0.0
14755.7	0.0
14755.8	0.0
14755.9	0.0
14756.0	0.0
14756.1	0.0
14756.2	0.0
14756.3	0.0
14756.4	0.0
14756.5	0.038547
14756.6	0.0
14756.7	0.0
14756.8	0.0
14756.9	0.0
14757.0	0.0
14757.1	0.0
14757.2	0.0
14757.3	0.0
14757.4	0.0
14757.5	0.024982
14757.6	0.0
14757.7	0.0
14757.8	0.0
14757.9	0.0
14758.0	0.0
14758.1	0.0
14758.2	0.0
14758.3	0.0
14758.4	0.0
14758.5	0.01534300000000001
14758.6	0.0
14758.7	0.0
14758.8	0.0
14758.9	0.0
14759.0	0.0
14759.1	0.0
14759.2	0.0
14759.3	0.0
14759.4	0.0
14759.5	0.00891300000000001
14759.6	0.0
14759.7	0.0
14759.8	0.0
14759.9	0.0
14760.0	0.0
14760.1	0.0
14760.2	0.0
14760.3	0.0
14760.4	0.0
14760.5	0.004916000000000002
14760.6	0.0
14760.7	0.0
14760.8	0.0
14760.9	0.0
14761.0	0.0
14761.1	0.0
14761.2	0.0
14761.3	0.0
14761.4	0.0
14761.5	2e-06
14761.6	0.0
14761.7	0.002573999999999999
14761.8	0.0
14761.9	0.0
14762.0	0.0
14762.1	0.0
14762.2	0.0
14762.3	0.0
14762.4	0.0
14762.5	0.0
14762.6	0.0
14762.7	0.0012840000000000009
14762.8	0.0
14762.9	0.0
14763.0	0.0
14763.1	0.0
14763.2	0.0
14763.3	0.0
14763.4	0.0
14763.5	0.0
14763.6	0.0
14763.7	0.0005960000000000009
14763.8	0.0
14763.9	0.0
14764.0	0.0
14764.1	0.0
14764.2	0.0
14764.3	0.0
14764.4	0.0
14764.5	0.0
14764.6	0.0
14764.7	0.0002559999999999999
14764.8	0.0
14764.9	0.0
14765.0	0.0
14765.1	0.0
14765.2	0.0
14765.3	0.0
14765.4	0.0
14765.5	0.0
14765.6	0.0
14765.7	9.399999999999991e-05
14765.8	0.0
14765.9	0.0
14766.0	0.0
14766.1	0.0
14766.2	0.0
14766.3	0.0
14766.4	0.0
14766.5	0.0
14766.6	0.0
14766.7	2.900000000000001e-05
14766.8	0.0
14766.9	0.0
14767.0	0.0
14767.1	0.0
14767.2	0.0
14767.3	0.0
14767.4	0.0
14767.5	0.0
14767.6	0.0
14767.7	3e-06
14767.8	0.0
14767.9	0.0
14768.0	0.0
14768.1	0.0
14768.2	0.0
14768.3	0.0
14768.4	0.0
14768.5	0.0
14768.6	0.0
14768.7	0.0
14768.8	0.0
14768.9	0.0
14769.0	0.0
14769.1	0.0
14769.2	0.0
14769.3	0.0
14769.4	0.0
14769.5	0.0
14769.6	0.0
14769.7	0.0
14769.8	0.0
14769.9	0.0
14770.0	0.0
14770.1	0.0
14770.2	0.0
14770.3	0.0
14770.4	0.0
14770.5	0.0
14770.6	0.0
14770.7	0.0
