11731.7	0.0
11731.800000000001	0.0
11731.900000000001	0.0
11732.0	0.0
11732.1	0.0
11732.2	0.0
11732.300000000001	0.0
11732.400000000001	0.0
11732.5	0.0
11732.6	0.0
11732.7	0.0
11732.800000000001	0.0
11732.900000000001	0.0
11733.0	0.0
11733.1	0.0
11733.2	0.0
11733.300000000001	0.0
11733.400000000001	0.0
11733.5	0.0
11733.6	0.0
11733.7	0.001201
11733.800000000001	0.0
11733.900000000001	0.0
11734.0	0.0
11734.1	0.0
11734.2	0.0
11734.300000000001	0.0
11734.400000000001	0.0
11734.5	0.0
11734.6	0.0
11734.7	0.0074329999999999995
11734.800000000001	0.0
11734.900000000001	0.0
11735.0	0.0
11735.1	0.0
11735.2	0.0
11735.300000000001	0.0
11735.400000000001	0.0
11735.5	0.0
11735.6	0.0
11735.7	0.023642
11735.8	1.2e-05
11735.800000000001	0.0
11735.900000000001	0.0
11736.0	0.0
11736.1	0.0
11736.2	0.0
11736.300000000001	0.0
11736.400000000001	0.0
11736.5	0.0
11736.6	0.0
11736.7	0.016154
11736.8	0.035329
11736.800000000001	0.0
11736.900000000001	0.0
11737.0	0.0
11737.1	0.0
11737.2	0.0
11737.300000000001	0.0
11737.400000000001	0.0
11737.5	0.0
11737.6	0.0
11737.7	0.029202
11737.8	0.056851
11737.800000000001	0.0
11737.900000000001	0.0
11738.0	0.0
11738.1	0.0
11738.2	0.0
11738.300000000001	0.0
11738.400000000001	0.0
11738.5	0.0
11738.6	0.0
11738.7	0.021485999999999998
11738.8	0.09612799999999999
11738.800000000001	0.0
11738.900000000001	0.0
11739.0	0.0
11739.1	0.0
11739.2	0.0
11739.300000000001	0.0
11739.400000000001	0.0
11739.5	0.0
11739.6	0.0
11739.7	0.027378
11739.8	0.109353
11739.800000000001	0.0
11739.900000000001	0.0
11740.0	0.0
11740.1	0.0
11740.2	0.0
11740.300000000001	0.0
11740.400000000001	0.0
11740.5	0.0
11740.6	0.0
11740.7	0.013272999999999998
11740.8	0.12561100000000003
11740.800000000001	0.0
11740.900000000001	0.0
11741.0	0.0
11741.1	0.0
11741.2	0.0
11741.300000000001	0.0
11741.400000000001	0.0
11741.5	0.0
11741.6	0.0
11741.7	0.013271
11741.8	0.11240099999999999
11741.800000000001	0.0
11741.900000000001	0.0
11742.0	0.0
11742.1	0.0
11742.2	0.0
11742.300000000001	0.0
11742.400000000001	0.0
11742.5	0.0
11742.6	0.0
11742.7	0.0057940000000000005
11742.8	0.097011
11742.800000000001	0.0
11742.900000000001	0.0
11743.0	0.0
11743.1	0.0
11743.2	0.0
11743.300000000001	0.0
11743.400000000001	0.0
11743.5	0.0
11743.6	0.0
11743.7	0.004194999999999999
11743.8	0.07270900000000002
11743.800000000001	0.0
11743.900000000001	0.0
11744.0	0.0
11744.1	0.0
11744.2	0.0
11744.300000000001	0.0
11744.400000000001	0.0
11744.5	0.0
11744.6	0.0
11744.7	0.0017459999999999997
11744.8	0.05134800000000001
11744.800000000001	0.0
11744.900000000001	0.0
11745.0	0.0
11745.1	0.0
11745.2	0.0
11745.300000000001	0.0
11745.400000000001	0.0
11745.5	0.0
11745.6	0.0
11745.7	0.0007840000000000003
11745.8	0.03329700000000001
11745.800000000001	0.0
11745.900000000001	0.0
11746.0	0.0
11746.1	0.0
11746.2	0.0
11746.300000000001	0.0
11746.400000000001	0.0
11746.5	0.0
11746.6	0.0
11746.7	0.00035499999999999985
11746.8	0.02009
11746.800000000001	0.0
11746.900000000001	0.0
11747.0	0.0
11747.1	0.0
11747.2	0.0
11747.300000000001	0.0
11747.400000000001	0.0
11747.5	0.0
11747.6	0.0
11747.7	0.00011199999999999993
11747.8	0.011426000000000002
11747.800000000001	0.0
11747.900000000001	0.0
11748.0	0.0
11748.1	0.0
11748.2	0.0
11748.300000000001	0.0
11748.400000000001	0.0
11748.5	0.0
11748.6	0.0
11748.7	5e-05
11748.8	0.006081000000000004
11748.800000000001	0.0
11748.900000000001	0.0
11749.0	0.0
11749.1	0.0
11749.2	0.0
11749.300000000001	0.0
11749.400000000001	0.0
11749.5	0.0
11749.6	0.0
11749.7	1.1e-05
11749.8	0.003058000000000001
11749.800000000001	0.0
11749.900000000001	0.0
11750.0	0.0
11750.1	0.0
11750.2	0.0
11750.300000000001	0.0
11750.400000000001	0.0
11750.5	0.0
11750.6	0.0
11750.7	4e-06
11750.8	0.0014589999999999994
11750.800000000001	0.0
11750.900000000001	0.0
11751.0	0.0
11751.1	0.0
11751.2	0.0
11751.300000000001	0.0
11751.400000000001	0.0
11751.5	0.0
11751.6	0.0
11751.7	0.0
11751.8	0.0006330000000000009
11751.800000000001	0.0
11751.900000000001	0.0
11752.0	0.0
11752.1	0.0
11752.2	0.0
11752.300000000001	0.0
11752.400000000001	0.0
11752.5	0.0
11752.6	0.0
11752.7	0.0
11752.8	0.00025799999999999993
11752.800000000001	0.0
11752.900000000001	0.0
11753.0	0.0
11753.1	0.0
11753.2	0.0
11753.300000000001	0.0
11753.400000000001	0.0
11753.5	0.0
11753.6	0.0
11753.7	0.0
11753.8	8.699999999999993e-05
11753.800000000001	0.0
11753.900000000001	0.0
11754.0	0.0
11754.1	0.0
11754.2	0.0
11754.300000000001	0.0
11754.400000000001	0.0
11754.5	0.0
11754.6	0.0
11754.7	0.0
11754.8	2.4000000000000007e-05
11754.800000000001	0.0
11754.900000000001	0.0
11755.0	0.0
11755.1	0.0
11755.2	0.0
11755.300000000001	0.0
11755.400000000001	0.0
11755.5	0.0
11755.6	0.0
11755.7	0.0
11755.8	2e-06
11755.800000000001	0.0
11755.900000000001	0.0
11756.0	0.0
11756.1	0.0
11756.2	0.0
11756.300000000001	0.0
11756.400000000001	0.0
11756.5	0.0
11756.6	0.0
11756.7	0.0
11756.8	0.0
11756.800000000001	0.0
11756.900000000001	0.0
11757.0	0.0
11757.1	0.0
11757.2	0.0
11757.300000000001	0.0
11757.400000000001	0.0
11757.5	0.0
11757.6	0.0
11757.7	0.0
11757.8	0.0
