15988.2	0.0
15988.300000000001	0.0
15988.400000000001	0.0
15988.5	0.0
15988.6	0.0
15988.7	0.0
15988.800000000001	0.0
15988.900000000001	0.0
15989.0	0.0
15989.1	0.0
15989.2	0.0
15989.300000000001	0.0
15989.400000000001	0.0
15989.5	0.0
15989.6	0.0
15989.7	0.0
15989.800000000001	0.0
15989.900000000001	0.0
15990.0	0.0
15990.1	0.0
15990.2	9.6e-05
15990.300000000001	0.0
15990.400000000001	0.0
15990.5	0.0
15990.6	0.0
15990.7	0.0
15990.800000000001	0.0
15990.900000000001	0.0
15991.0	0.0
15991.1	0.0
15991.2	0.000838
15991.300000000001	0.0
15991.400000000001	0.0
15991.5	0.0
15991.6	0.0
15991.7	0.0
15991.800000000001	0.0
15991.900000000001	0.0
15992.0	0.0
15992.1	0.0
15992.2	0.0037070000000000002
15992.300000000001	0.0
15992.400000000001	0.0
15992.5	0.0
15992.6	0.0
15992.7	0.0
15992.800000000001	0.0
15992.900000000001	0.0
15993.0	0.0
15993.1	0.0
15993.2	0.011064000000000001
15993.300000000001	0.0
15993.400000000001	0.0
15993.5	0.0
15993.6	0.0
15993.7	0.0
15993.800000000001	0.0
15993.900000000001	0.0
15994.0	0.0
15994.1	0.0
15994.2	0.0251
15994.300000000001	0.0
15994.400000000001	0.0
15994.5	0.0
15994.6	0.0
15994.7	0.0
15994.800000000001	0.0
15994.900000000001	0.0
15995.0	0.0
15995.1	0.0
15995.2	0.046122
15995.300000000001	0.0
15995.400000000001	0.0
15995.5	0.0
15995.6	0.0
15995.7	0.0
15995.800000000001	0.0
15995.900000000001	0.0
15996.0	0.0
15996.1	0.0
15996.2	0.07147999999999999
15996.300000000001	0.0
15996.400000000001	0.0
15996.5	0.0
15996.6	0.0
15996.7	0.0
15996.800000000001	0.0
15996.900000000001	0.0
15997.0	0.0
15997.1	0.0
15997.2	0.096039
15997.3	0.0
15997.300000000001	0.0
15997.400000000001	0.0
15997.5	0.0
15997.6	0.0
15997.7	0.0
15997.800000000001	0.0
15997.900000000001	0.0
15998.0	0.0
15998.1	0.0
15998.2	0.114178
15998.3	0.0
15998.300000000001	0.0
15998.400000000001	0.0
15998.5	0.0
15998.6	0.0
15998.7	0.0
15998.800000000001	0.0
15998.900000000001	0.0
15999.0	0.0
15999.1	0.0
15999.2	0.12196200000000001
15999.3	0.0
15999.300000000001	0.0
15999.400000000001	0.0
15999.5	0.0
15999.6	0.0
15999.7	0.0
15999.800000000001	0.0
15999.900000000001	0.0
16000.0	0.0
16000.1	0.0
16000.2	0.11844199999999999
16000.3	1.3000000000000001e-05
16000.300000000001	0.0
16000.400000000001	0.0
16000.5	0.0
16000.6	0.0
16000.7	0.0
16000.800000000001	0.0
16000.900000000001	0.0
16001.0	0.0
16001.1	0.0
16001.2	0.10538099999999997
16001.3	0.000259
16001.300000000001	0.0
16001.400000000001	0.0
16001.5	0.0
16001.6	0.0
16001.7	0.0
16001.800000000001	0.0
16001.900000000001	0.0
16002.0	0.0
16002.1	0.0
16002.2	0.084796
16002.3	0.002393
16002.300000000001	0.0
16002.400000000001	0.0
16002.5	0.0
16002.6	0.0
16002.7	0.0
16002.800000000001	0.0
16002.900000000001	0.0
16003.0	0.0
16003.1	0.0
16003.2	0.057818000000000015
16003.3	0.00923
16003.300000000001	0.0
16003.400000000001	0.0
16003.5	0.0
16003.6	0.0
16003.7	0.0
16003.800000000001	0.0
16003.900000000001	0.0
16004.0	0.0
16004.1	0.0
16004.2	0.03647800000000001
16004.3	0.011817000000000001
16004.300000000001	0.0
16004.400000000001	0.0
16004.5	0.0
16004.6	0.0
16004.7	0.0
16004.800000000001	0.0
16004.900000000001	0.0
16005.0	0.0
16005.1	0.0
16005.2	0.020212000000000015
16005.3	0.012536000000000004
16005.300000000001	0.0
16005.400000000001	0.0
16005.5	0.0
16005.6	0.0
16005.7	0.0
16005.800000000001	0.0
16005.900000000001	0.0
16006.0	0.0
16006.1	0.0
16006.2	0.009833000000000005
16006.3	0.011160999999999999
16006.300000000001	0.0
16006.400000000001	0.0
16006.5	0.0
16006.6	0.0
16006.7	0.0
16006.800000000001	0.0
16006.900000000001	0.0
16007.0	0.0
16007.1	0.0
16007.2	0.005009999999999999
16007.3	0.007749
16007.300000000001	0.0
16007.400000000001	0.0
16007.5	0.0
16007.6	0.0
16007.7	0.0
16007.800000000001	0.0
16007.900000000001	0.0
16008.0	0.0
16008.1	0.0
16008.2	0.002128999999999999
16008.3	0.005236000000000002
16008.300000000001	0.0
16008.400000000001	0.0
16008.5	0.0
16008.6	0.0
16008.7	0.0
16008.800000000001	0.0
16008.900000000001	0.0
16009.0	0.0
16009.1	0.0
16009.2	0.0008690000000000005
16009.3	0.003187999999999999
16009.300000000001	0.0
16009.400000000001	0.0
16009.5	0.0
16009.6	0.0
16009.7	0.0
16009.800000000001	0.0
16009.900000000001	0.0
16010.0	0.0
16010.1	0.0
16010.2	0.00032599999999999985
16010.3	0.0017799999999999988
16010.300000000001	0.0
16010.400000000001	0.0
16010.5	0.0
16010.6	0.0
16010.7	0.0
16010.800000000001	0.0
16010.900000000001	0.0
16011.0	0.0
16011.1	0.0
16011.2	0.00010999999999999994
16011.3	0.000929000000000001
16011.300000000001	0.0
16011.400000000001	0.0
16011.5	0.0
16011.6	0.0
16011.7	0.0
16011.800000000001	0.0
16011.900000000001	0.0
16012.0	0.0
16012.1	0.0
16012.2	3.0000000000000004e-05
16012.3	0.0004520000000000005
16012.300000000001	0.0
16012.400000000001	0.0
16012.5	0.0
16012.6	0.0
16012.7	0.0
16012.800000000001	0.0
16012.900000000001	0.0
16013.0	0.0
16013.1	0.0
16013.2	5.999999999999999e-06
16013.3	0.00019999999999999985
16013.300000000001	0.0
16013.400000000001	0.0
16013.5	0.0
16013.6	0.0
16013.7	0.0
16013.800000000001	0.0
16013.900000000001	0.0
16014.0	0.0
16014.1	0.0
16014.2	0.0
16014.3	7.899999999999993e-05
16014.300000000001	0.0
16014.400000000001	0.0
16014.5	0.0
16014.6	0.0
16014.7	0.0
16014.800000000001	0.0
16014.900000000001	0.0
16015.0	0.0
16015.1	0.0
16015.2	0.0
16015.3	2.2000000000000006e-05
16015.300000000001	0.0
16015.400000000001	0.0
16015.5	0.0
16015.6	0.0
16015.7	0.0
16015.800000000001	0.0
16015.900000000001	0.0
16016.0	0.0
16016.1	0.0
16016.2	0.0
16016.3	1e-06
16016.300000000001	0.0
16016.400000000001	0.0
16016.5	0.0
16016.6	0.0
16016.7	0.0
16016.800000000001	0.0
16016.900000000001	0.0
16017.0	0.0
16017.1	0.0
16017.2	0.0
16017.3	0.0
16017.300000000001	0.0
16017.400000000001	0.0
16017.5	0.0
16017.6	0.0
16017.7	0.0
16017.800000000001	0.0
16017.900000000001	0.0
16018.0	0.0
16018.1	0.0
16018.2	0.0
16018.3	0.0
